article_id,headline,text
021-HZT-1881-03-30-001_Ad_toc_1,, ה אחת עשרה — מחירו לשנה בארץ טירקיי 4 מאגיידי כסף. באסטרייך 8 פלארין. בצרפת 20 פראנק. בבריטאניא ואמעריק: לירא סטערלינג. ברוסיא 6 רו״כ החפץ להודיע דבר מה לטובתו עליו לשלם בעד כל שורה גרוש והצי.
021-HZT-1881-03-30-001_Ad_toc_2,," מ״ע יו״ל בכל שבוע יבשר וישמיע כל דבר הדרוש לחפץ לבב איש יהודי. מאת לברר ישראל דיר ""ן ב פרזמבן"
021-HZT-1881-03-30-001_Ad_toc_3,," על הר גבוה עלי לך מבשרת ציון; הרימי בכח קולך מבשרת ירושלם, הרימי אל תיראי (ישעיה מ׳ ט׳)"
021-HZT-1881-03-30-001_Ar_toc_4,תובן ה ע נ י 4 י ם . ברוך הבא בשם ה.'ירו..., תוכן הענינים. ברוך הבא בשם ה׳. ירושלם. הנפש. ירושלם וקטור הוגו. שואלין ודורשין בה״פ. השבון גלוי. מי מגידו. מודעות.
021-HZT-1881-03-30-001_Ar_toc_5,"ברוך הבא בשם ה׳.
Kronprinz ErZherzOg
RUDOLE"," ברוך הבא בשם ה׳. Kronprinz ErZherzOg RUDOLE ירושלם כ״ט אדר ב'. ירושלם עיר הקודש לובשת עוז, בחוצותיה גיל, וחדוה ימלא רחובותיה. אורח נשא ונעלה נטה אליה, ויעירה מתרדמתה. הוד מלכותו הנסיך הגדול רודאלף לבית הבסבורג יורש עצר אוסטריא אונגארן, אשר זה כירח ימים עזב את העיר בירת ארצו לבקר את ארץ הקדם, הופיע בהדרו על גבעת הקודש תמול בשעה הרביעית אחר הצהרים ואתו כל שריו וסגניו, ילישיו ורואי פניו הנלוים לו במסעו. ביום השני כ״ז לירח הזה ליכה אנית הקטור מידאמאר מובלת הנסיך למחוז חפצו, ות עגונה על חוף יפו, ופחת עירנו השר הגדול ראאוף פאשא ומליצו אחינו האדון יוסף איפענדי קריגער עלו אל האניה לקדם פני הוד מלכותו ולברכו ברכת שלום בשם העיר הקודש ותושביה. הנסיך ירד אחרי כן היבשה, ואחרי התמהמהו כשעה ביפו שם פעמיו ירושלימה. בהאטעל לאטרון על אם הדרך לן בלילה, ובבוקר הלך לדרכו הלאה, ויבא אל כפר קולוניא הרחוק מהלך שעה מעירנו. שמה קדמו פניו צירי העדות השונות לאמונתיהן בעירנו וביניהם גם החכם הנכבד סי׳ א ליהו נבון איפענדי ציר מקהלת היהודים. הבוקר עוד טרם האיר, והמון אדם רב מלא את דרך המלך המובלת ליפו. כל תושבי העיר מקטן ועד גדול עזכו בתיהם ויצאו החוצה, ומיום הופיע הוד הקיסר פראנץ יאזעף בירושלם, לא נראתה אסיפת עם רב על הדרך הזה כביום תמול. לא רחוק מהעיר נבנה שער כבוד על אם הדרך מאת מקהלת היהודים ושני סוכות נהדרות ומפוארות בפרוכות משני עבריו מזה אשר בם עמדו ראשי ורבני מקהלות אחינו הספרדים והאשכנזים הי״ו לחכות על בואו. על השער מלמעלה נחרתו המלים „ברוך הבא בשם ה׳ ותרגומם בלשון אשכנז, ושם ותואר הנסיך יר״ה. שמה עמדו גם ילדי הת״ת ובתי הספר ושירים בידם. כמאה צעדים הלאה נבנה מאת האוסטרים אשר בעירנו שער כבוד נשען לבית האדון פאסקאל וויצע קאנזול עסטרייך, ונשען להשער הזה חוצנו ילדי ביה״ס לאמעל העומד תחת מחסה הוד קיסר אוסטריא בכבודו ועצמו. בני הצבא החונים בעירנו עמדו הלאה בדרך ההוא, ובקרוב הוד מלכותו אליהם קדמו פניו באות כבוד הצבא ולהקת מנגנים, ותעבר הרנה לפניו והוא ירד מעל מרכבתו ויעל על סים דוהר וירכב העירה דרך שערי הכבוד בהגישו תודתו לכל מכבדיו. בדרכו על מפתן העיר הרעימו כלי התותח על המבצר אחד ועשרים קולות לכבודו, והוא עבר את כל הכבודה   עד כנסית הנוצרים אשר על קבר מחוקק דתם, משם בא עד בית מלון האורחים (האספיץ) אשר לממשלת אוסטריא ושמה קבל פני ראשי האמונות השונות ובתוכם הרב הגדול ראשון לציון והרה״ג מהור״ר יעקב שאול אלישר הי״ו, שרי הקאנזולען וגדולי הממשלה אשר באו לברכו ברכת שלום. אחר כן יצא מחוץ לעיר אל האהלים אשר נטיו לו ולהנלוים אליו וילן שם הלילה. ככל אחינו תושבי ירושלם גם לבבינו מלאה רגשות ניל וששון על המקרה הנכבד הזה, ולאושר יחשב לנו להגיש גם  ברכתינו להדום רגלי הוד מלכותו ברוך בואך נסיך דגול מרבבות עם, נוצר למשול בארצות ועמים. אל אלהים מהודו יאציל ישית עליך, ברכתו תלוך, והצלחתו לפניך תלך. פאר וכבוד תנהל לדור דור, לעד יגון שמך לנצח זכרך. תהי מבטח עמים מהרם והילם, והיו ימיך כימי עולם. מלך מלכי המלכים יפלא חסדיו להורך הוד קיסר פראנץ יאזעף הראשון, יחייהו וינצרהו כאשון. שלום ואושר ישפת גם למשפחתו האדירה, ישכין ששון בבתי הבסבורג נצח, מזית יפרח הודם וכבודם לדור דורים סלה. כעתרת עבדך המשתחוה להדום רגליך J. B. Frumkin. ם S"
021-HZT-1881-03-30-001_Ad_toc_6,," No 22. מחיר עלה אחד, פיאסטער וחצי. המאסף חתומים יקבל עשרה למאה מכתבים בלתי חפשים ישובו לבעליהם."
021-HZT-1881-03-30-001_Ad_toc_7,," Monte Sur la plus haute montagne, messagere de Sion „ Rleye ta Poix arec force , enyoyce de Jerusalemi (IsaieL 9.( Bleye-la et ne Crains rien."
021-HZT-1881-03-30-001_Ar_toc_8,הנפש.," הוּא אַבִיךְ קוֹנֵך, אֶת כָּתוֹ הַבָּבוּרָה בַּחַסְדּוֹ וְאַהֲבָתוֹ הוֹרִישׁ לֵךְ פִי שָׁנִים נַחֲלִתֵּךְ אֶרֶץ וגם רוּם הַשָׁמִים לכן תִּתְאוִי וְתִּשְׁתוֹקְקִי לְהַתְּרוּמֵם תִּשְאָפִי שָׁמִימָה וְהַתְּבָל שומם כָּמוֹ לְבַת הַמּנּוֹרָה לָמַעֲלָה תִּתְּעוּפֶף תִּשְאֵפִּי לִצל שָׁדִי אַשֶׁר ע חופף רעד גיל אם צב הַלֵּב יַסְתַּעַר ולרויי. אָז יָפְנָה , ומְסַיְנָיו י התשה ה אם ק ש לאדמה כְּמְרוּמִי שְׁהַקִים תַּבקש לָה נְחָמָה: „אָבִי אַלִי סתְּרִי סֵרָעִי מָצָדְתִּי וייכתי״. בואה הוֹשִׁיעָה לִי: הַיָה נֵא לָעָו. כּן תִּפְרוּשׁ כָּפִים וְתּזַעַק בַּחַלְחָלָה. וְקוֹל נוּחֵם ענה ברוב לאמללה תך  יבוֹא וְיִרְאָה לֵךְ סלַעַךְ מָא  - לייירר „אביךְ יוֺשִׁיעַ לָ יה ,2תך״ כֵּן תִּשׁמע קוֹל דּוֹבֹר מַהַרְרִי תַּקְוְתָּה הן אךְ אין קוֹר  עמתה כה  על גדר דחויה תתָּה על ש כָּל גּר לִרְגָרָה כְּבָּה כִּפְשְׁתָּה גָדַעְנָה הנפש. שיר מחקרי על תעודת האדם ותכונת רוחו. Nach dem Lchrgedichte „Das Ichr. Rabb. Dr. Ludwig Philipsohn in Benn. בודאפעסט בחדש שבט תרמ״א. שמעון בכרך. (ע״מ יו״ד וי״א וי״ב תנועות) המשך מגליון 20. 21 נִפְשִׁי! הרִימִי לַשָׁמִים כְּנָפַיִך,  אם פה אין ה לִשְׁאָלוֹת סִפְקַיִך בִּמְרוֹמִים יִשְׁבּוֹן אַלְהִי כָּל הרוחוֹת צורר הַנּפ וֹת בְּכָלְיוֹת וְטוחוֺת מְחַיּה הַתְּבָל אֵדוֹן כָּל הַיצורים הַבְּרִיאָה לִפְנָיו הַם סדוּרִים הוּא נפש הֵעַ וֹלֵם בְּלִי רָאשִׁית וְקְצָה פְנָיו נפשי: גם משפטך יצא הוּא אֵלהֵי הַחַסֵד אַלְהֵי הַחֲנִינָה אֲלָהֵי הָאַהֲבָה, דְרָכְיוֹ לֹא אַבֵינָה אך זאת אדע נכון מהצבתך טהורה כַּאֲנִיה נִשְׁבָּרָה בַּּמְבּוּל ד ים תִּדְחָה בִּתוֹחֲלָתָּה תַּחַת הַשָׁמִים אֲשֶׁר תַּאֲמֵין לֹא תִּרְאָה אֵין מאיר הַמֶּסְלָה וּבּוֹדְרָה וְגַּם שׁוֹמְמָה תִּשָאֵר כַּכְתְּחָלָה. המשך יבא אי״ה. ."
021-HZT-1881-03-30-001_Ar_toc_9," 
 ירושלם.
 מי שי
 ","   ירושלם.  מי שי   כ""ט אדר ב׳. הוד הקראנפרינץ דוד אלף בקר ביום הזה את ביהכנ״ס הגדול אשר למקהלת הפרושים, וישב שמה רגעים אחדים. רבני המקהלה קדמו בכבוד פניו, והחזן התפלל בעד שלום הוד הקיסר והנסיך ירום הודם. כן בקר את בית תפלת המחמדים הנבנה על מקום המקדש ומחר יבקר את כבוד פחת עירנו במקום המשפט. בין הגלוים להוד הנסיך יר""ה ימצא גם שארו הנסיך הגדול שטאסקאנא (גראסס הערצאג פאן טאסקאנא). הוד מלכותו השולטאן יר""ה שלח הנה אחד משלישיו פעריק פאשא (דעוויזיאנס גענעראל) לקדם פני הנסיך רודאלף לברכו בשם הוד מלכותו. הגענעראל הזה אחרי אשר שם עינו פה על ההכנות הנעשות לקדם פני הנסיך הלך ליפו לקבל פניו וושב אתו הנה. הוא ילוה את הנסיך ספה במסעו הלאה לשכם, נצרה, טבריא, צפת, דמשק וביירוט, ומשם יביאו קאנסטאנטינאפילה. בין המקבלים פני הנסיך בכפר קולוניא נמנה גם אחינו האדון הנכבד ד״ר שווארץ רופא בית החולים ופקיד כל בתי החסד אשר לשרי בית ראטהשילד פה, לבוש בגדי כבודו בהיות שר צבא האנוועד בארץ מולדתו אונגארן. הגראף קאבאנא קאנזול אוסטריא אונגארן בירושלם הצינו לפני הנסיך, והוא האיר פניו לו וידבר אתו אהבים, הוד מלכותו שאלו כמה ימי מגורו בירושלם? ומה מעשהו ? ובהגידו לו כי הנהו פקיד בתי החסד לבית ראטהשילד, אמר הנראסם הערצאג מטאסקאנא „הראטהשילדם מרבים לעשות טוב וחסד״   ירוש ולם. בכפרים אחדים סביבות בגדד, פרצה מחלת המגפה פרץ, הממשלה מהרה לסגור את הכפרים האל, אין יוצא ואין בא אליהם למען שום גבול להמחלה הרעה הזאת לכל תפרץ הלאה. בכל זאת נפתחו בתי הבקורת (קאראנטינע) בתוגרמה ומצרים, וכל אגיה קיטור העוברת על הופי הערים הקרובות אל המחוז ההוא יעצר שבעת ימים, ואנשיהם יבוקרו פן דבקה בהם הרעה. מכתבים באים מערים האל, והעוברים מיתר הערים בדרך ההוא, ינוקבו ויעושנו. BAB"
021-HZT-1881-03-30-001_Ar_toc_10,".
וזקטור הוגו."," . וזקטור הוגו. מעלות יפות רבות לעם הצרפתים ואהבתם הרבה לגדוליהם, לחכמיהם למליציהם ומשורריהם עולה על כלן. אין עם בארץ אשר יתפאר בגדוליו כצרפתים, ואין עם בארץ המכבד ומפאר את גדוליו כצרפתים. שר צבא גדול, או מליץ או משורר כל איש אשר הוסיף בפעולותיו תפארת לשם העם הזה, יפארוהו ויגדלו הו הצרפתים, יכבדוהו בכבוד אלהים, ישירו ויזמרו תהלתו, ינשאוהו וירוממוהו עד שמי יה. ועל כן רבים מאד אנשים כאלה בארץ הזאת, כי יודע כל איש כי לא לשוא יעמול, כי הצרפתים יכירו טובה וישלמו לכל איש במעשהו... ואת טבעם זאת הראו הצרפתים ביום העשרים ושבעה לירח פברואר כ״ה אדר ראשון בחג הגדול אשר חננו לכבוד השורר הצרפתים וקטור הוגוVictor Houge יום תחלת שנת השמנים שנה לימי חייו. ביום הזה הראו הצרפתים את אהבתם הגדולה להאיש הנפלא הממלא את לבות כל יודעי שפת צרפתים בנעם שירותיו זה ששים וחמש שנה! לפני החג הזה לא היה כמהו ואחריו לא יהיה ימים רבים, מכל קצוי ארץ צרפת שלחו לוקטור הוגו מכתבי ברכה ליום הזה, ושירי תודה ותהלה. אגודת סופרי כל המדינות מסרו לו שני ספרים גדולים המכילים עשרת אלפים חתימות מסופרי כל הארצות המכרכים את מורם ורבם. שר השכלת העם צוה כי בכל בתי המדרש וחגו התלמידים את חג וקטור הוגו וכל פשעי התלמידים ימהו לכבוד המשורר הלאמי ערים רבות, מרשליה, ליאין, מנפליה ועוד שלחו עטרות זהב וכסף חרותות עליהן שמות הספרים אשר כתב וקטור הוגו. למן הבקר נקהלו קהל גדול לפני בית וקטור הוגו, וסרג נבנה לפני ביתו ועליו תללו העטרות הפקחים אשר נשלחו לכבודו, בעשתי עשר שעות באו שלוחי הילדים, נערים ונערות לברך את „אביהם הזקן״. נערה קטנה לבושה לבנים נשאה בידיה דגל מצבע תכלת ואדם הששנה. בבואם, וינשק וקטור הוגו את הקטנה בנערות ויאמר: בנשיקתי זאת נשקת כל כן, וינשק אחרי כן גם את משאת הרגל, אז דברה הנערה הזאת לפני וקטור הונו שירה יפה אשר כתב אחד המשוררים ותבקש מאת האב הזקן לנשקם שנית, אחרי כן באו תלמידי בתי המדרש, וקול יחי וקטור חוגו נשמע מכל עברים, יחי וקטור הונו: יחי האשור הגדול! יהי האזרח הגדול! נשמע מאלפי פיות, וקטור הוגו עמד בחלון ביתו ועיניו היו מלאות דמעות שמחה, ואחרי כן באו שלוחי הערים הרבות, שלוחי כל החברות, הפועלים, הסופרים, וכלם נהרו לפני חלון בית המשורר משתחוים ומברכים אותו ברגש כבוד ואהבה, ההמון שמח, המנגנים מנגנים את המרסליזי בהלונות הבתים אלפי דגלים מגדילים את הדרת החג. וקטור הונו נולד בשנת 1802 ביום כ״ו לירח פבדואר, אביו היה אחד משרי הצבא, בן חמש עשרה שנה כתב את שירתו הראשונה. ולמן היום ההוא לא עמד מלדת שירות נפלאות ונשגבות. בשנת 1851 הגלה במצות נפליון השלישי, ומארצות גלותו השליח בקיסר הצרפתים חצי מהתלותיו ואש חרונו בספריו אשר כתב שם ואשר קרא: נפליון הקטן והגמול, ואף כי אחרי ימים סלח לו נפליון ויתן לו הרשיון לשוב לארץ מולדתו, אך וקטור הוגו נשבע פעמים „כי לא ישוב לראות את ארצו עד תשוב חירותה לה"" ויהי נאמן בדבריו וישב לפארים בשנת 1870 אחרי אשר נפל נפליון לפני האשכנזים. בעת ההיא הראה וקטור הוגו את אהבתו לארץ מולדתו, בכל עת ישבו בעגלת מסלת הברזל היו עיניו מלאות דמעה, ויראותו את גבול ארצו מבעד לחלון העגלה ויקרא בקול: תחי צרפת: תחי אמי וארץ מולדתי: ויבכה הרבה מאד, כי ראה מרחוק אנשים מצבאות הצרפתים מתמלטים על נפשם מפני האשכנזים אשר רדפו אחריהם, בטרניה אכל ויקטור הונו הסעודה הראשונה בצרפת אחרי תשע עשרה שני גלותו, ויקה אתו פת לחם לזכרון והלחם ההוא עוד אתו עד היום הזה. ככה יכבדו הצרפתים את אנשי השם המגדילים תפארתם בין העמים, ככה חננו לפני מאה שנה חג ולטר וככה חננו היום בן יהודה, הג וקטור הוגו."
021-HZT-1881-03-30-001_Ar_toc_11,"אדלר 
דורשין בה״פ.
רא"," נאסר באכילה ואין בידו לבטלו, וצ״ל דתשביתו דאמר קרא היינו מתחלת חצי היום האחרון יהא כבר מושבת החמץ היינו על כרחך שיבטלנו קודם תחלת חצי היום האחרון כו' עכ״ל והנה קושייתו לכאורה קושיא אלימתא אמנם תרוצו אינו מובן כלל, דאם נפרש תשביתו שיהא כבר מושבת דהיינו שישביתנה קודם א״כ איך יפרש דרשות הש״ס בד״ד שמביא הטור ז״ל כתוב שבעת ימים וגו׳ (דמשמע שכעת ימים שלימים) וכתיב אך ביום הראשון תשביתו (וכשהוא משביתו ביום הראשון הרי שהא בו שעה אחת ואינם שלימים) לרבות י״ד לביעור (כלומר דע״כ האי ראשון, ראשון לכל שבעה קאמר דהיינו י״ד לשון רש״י ז״ל הביאו הכ״י ז״ל) ולדעת הרב בית דוד זצ״ל אין כאן סתירות הפסוקים כלל שנפרש ביום הראשון שביום הראשון יהי׳ מושבת דהיינו שישבתנה רגע קודם יום ראשון במו שמפרש הוא זצ״ל על שעה ששית. וביותר קשה לי דברי רבינו בחיי פרשת בראשית שכתב ממש כדברי הגאון בעל בית דוד זצ״ל, על פסוק ויכל אלקים ביום השביעי על דרך הפשט אין הכונה בכתוב זה שהשם ית' כלה מלאכתו ביום השביעי ממש שא״כ יש במשמעות הלשון זה שבמקצת היום ביום השביעי עשה מלאכה, אבל הכונה בפסוק כי מיד שבא יום השביעי כבר כלה מלאכתו, ודומה לזה אך ביום הראשון תשביתו שאור וגו׳ שאין הכונה לבער החמץ ביום ראשון של פסח, אבל הכונה בו כשיגיע יום ראשין של פטח כבר יהי' החמץ מושבת מבתיכם עכ״ל, אדלר  דורשין בה״פ. רא מה שחדשתי בלמוד הש״ע בין התלמידים העומדים בבית ה׳ בלילות בישיבת „שנות אליהו"" בהה״ק סוכת שלום ומאור יעקב אשר בעיה״ק ירושלם תובב״א. המשך מגליון החולף. בטור סי׳ תל״א כתיב בתורה שבעת ימים שאור לא ימצא בבתיכם וכתיב אך ביום הראשון תשביתו וגו׳ ודרשו חכמים דהאי יום ראשון הוא יום שלפני שבעת ימים, והוא י״ד בניסן שאז הוא אסור מן התורה, ולא כולו אלא משש שעות ולמעלה כאשר דרשו ממדרש הפסוקים כו' ומדאורייתא בביטול בעלמא סגי כו' אלא שחכמי הוציא מן הבית כו' בית דוד ז״ל ואיכא למידק היכי אמר קרא משש שעות ולמעלה, דהא משש ולמעלה ב. וטרם כל צריכין לבאר מה שכתב הטור אח״ז ומדאורייתא בביטול בעלמא סני שיבטלנו בלבו ויחשיבנו כאילו הוא עפר בעלמא כו' אלא שחכמים הוצרכוהו להוציאו מן הבית כו'. וכתב הב״י ונראה מדברי רבינו שהוא סובר דמדאורייתא אין לנו אלא ביטול ואין לבדיקה וביעור חמץ עיקר מן התורה כלל, אבל הר""ץ ז״ל כי לדעת רש״י ז״ל ואי אפשר לומר כן אלא כך הוא עיקרן של דברים שמה שאמרה תורה תשביתו יכול להתקיים באחד משני דברים או שיבטל בלבו כל חמץ שיש ברשותו ויוציאנו במחשבתו מרשותו וסני בהכי מדאורייתא, אפי׳ בחמץ הידוע לו, או אם לא ביטלו בלבו כלל צריך מן התורה שיבדוק אחריו בכל מקום שהוא רגיל להמצא שם ויבערנו מן העולם כו' עכ״ל. וצריכין להבין ההפרש בין דעת הר""ן לדעת הטור ז״ל, הרי לדעת שניהם בביטול בעלמא סני ואם לא ביטל צריך לבער ולבדוק אחריו ואם ביער או בדק כיון שהתחזק היתרא אינו צריך לבטל עוד מדאורייתא לכו״ע. ואף לדעת הטור ז״ל שאין לביעור עיקר מן התורה, מ״מ לא ציותה התורה שיבטלו רק היכא דלא התחזק היתרא וכיון שכבר בדק וביער דהתחזק היתרא לא הל עליו מצות ביטול כלל, ולא אמרו הבודק צריך שיבטל  מדרבנן כדאי׳ בפסחים ד״ו ע״כ נזירה שמא כו׳, וא״כ מאי נפקותא בין הני תרי לישנא. ג ונלע״ד דהנה הרמב״ם ז״ל כ׳ בפי״א מה׳ ברכות ה״ב ז״ל יש מצות עשה שאדם חיי׳ להשתדל ולרדוף עד שיעשה אותה כגון תפלין, וסוכה, ולולב, ושופר, ואילו הם נקראין חובה לפן אדם הייב על כל פנים לעשות, ויש מצוה שאינו חובה אלא דומה לרשות כגון מזוזה ומעקה שאין אדם חיי׳ לשכון בבית החיי׳ במזוזה כדי שיעשה מזוזה, אלא אם רצה לשכון כל ימיו באוהל ובספינה ישב, וכן אינו חיי׳ לבנות בית סדי לעשות מעקה כו' עכ״ל, וכן במצות דרבנן לדמשמע שם בהלכח ג׳ מה׳ שבת ה״א עיי""ש. והנה בכלל חיוב השתדלות באילו המצות שהם חובה, הוא ״כ שלא יעשה עצה להפטר ממנה כגון להיטמא על מנת לפטור מקרבן פסח וכדומה דאמרינן בסוכה כ״ה לענין עוסק במצוה, פטור מן המצוה דגמרינן לה חתם מויהי אנשים אשר היו טמאים לנפש אדם ולא יכלו לעשות הפסח, ואיך טמאו עצמן לכתחילה. אלא ודאי דהעוסק במצוה פטור מן המצוה כמו שפי׳ רש״י ז״ל בסוגיא שם עיי""ש ומשמע דלא הותר מדאורייתא רק במצוה קלה עכ״פ משום עוסק במצוה פטור מן המצוח אבל לטמאות לדבר הרשות כדי שיפטור אח״כ מקרבן פסח ודאי אסור מדאוריתא. וכן הא דאמרינן בכמה מקומות בשים ולאחותו מה ת״ל הרי שהי׳ הולך לשחוט את פסחו כו' יכול יטמא ת״ל לא יטמא בו- ורוצה הש״ס בזבחים ד״ק לאוקמה הא ר״י והארע״ק דתני לה יטמא רשות דר׳ ישמעאל רע""ק אומר חובה הרי דלמ״ד רשות אסור חטמאות, ועיין בתוס׳ ברכות י״ט ד״ה אמרת ובמנהדרין ל״ה ר""ה הרי. מדברי הש״ס אילו רואין אנו דאפי׳ לא בא עדיין זמן היוב אינו יכול לפטור את עצמו ע״י דבר הרשות שלא הותרה לטמא שבעת ימים קודם פסח רק משום מצוה כדמשמע בסוכה שם אף שלא חל עדיין עליו מצות קרבן פסח שאין מצות קרבן פסח הל על האדם כי אם בי״ד אחר חצות כדמשמע בזכחים ד׳ ק׳ ע״א כאן שמת קודם הצות כאן לאחד חצות כו' עיי״ש, ואע״נ דבשיטמא לא יחול עליו מצות פסה ראשון כלל שהתורה קבעה להם פסח שני מ״מ בכלל חיוב ההשתדלות שמחויב באלו המצות שאין לפטור עצמו ממנה רק מחויב להשתדל להתחייב בה ולא אמרינן דקודם דמטא זמן היובא הוי כאילו המצות שאין אדם מחויב לרדוף אחריהם, משום דאף דלא מטא זמן היובא על כרחך סופו להתחייב משא״כ במזוזה ומעקה שאין אדם מחוייב לרדוף אחריהם כלל מפני שיכול להיות שהאדם לא יתחיי׳ לעולם באילו המצות כלל, וזה מה שרוצה הרמב״ם ז״ל במה שכ׳ שאם רצה לשכון כל ימיו באוהל ובספינה וכן דקדק בלשונו בספ' המצות סוף מ״ע ויעמוד איש כל ימי חייו ולא יתחיי' במצוה מהמצות שהם מזה המין, עכ״ל, מה שא״כ במצות שמחויב להשתדל בהם אם שהם זמניות אמנם הזמן עומד הכן לבא אלינו על כרחינו ואין אנו יכולין ליצא ממחיצתו ע״כ מחויבין אנו להשתדל בהם ומכללו שלא לטכס מזימה לפטור מהם אף שעדן לא בא זמן היובן כמ״ש. וכן איתא בברכות י""ט אין מוציאין את המת סמוך לק״ש לפי שמתבטלין מן הקריאה כמ""ש רש״י ז""ל שם. וגם שם מיירי קודם זמן ק״ש כדאי׳ בירושלמי פ׳ מי שמתו ה״ב ומנהדרין פכ״ג ה״כ אין מוציאין את המת סמוך לק״ש אא״כ הקדימו שעה אחת כו' עיי""ש. ה. ונלע״ד דבזה העשה המור מהל״ת כמו לענין עשה דוחה ל״ת אף שעונש הל״ת חמור טפי כמ״ש הרמב""ן ז״ל פ׳ יתרו על פסוק זכור את יום השבת לקדשו הביאו הגאון אבי מורי נ״י בספרו אפיקי ים מאמר אבן שלמה אשר נדפס תשרי תר״מ סי׳ ד' וז״ל הרמב""ן ז״ל ואמת הוא ג״כ כי מדת זכור רמזו במ״ע והוא היוצא ממדת האהבה והוא למדת הרחמים כי העושה מצות אדוניו אהוב לו ואדוניו מרחם עליו ומדת שמור במצות ל""ת והוא למדת הדין ויוצא ממדת היראה כי הנשמר מעשות דבר דע בעיני אדוניו ירא אותו, ולכן מ״ע גדולה ממל״ת כו׳ כי המקיים ועושה בגופו ובממונו רצון אדוניו הוא גדול מהנשמר מעשות רע בעיניו, ולכך אמרו דאתי עשה ורוחה ל""ת ומפני זה יהי׳ העונש בל""ת גדול ועושין בו דין כגון מלקות ומיתה ואין עושין בו דין במ״ע כלל אלא במורדים כמו לולב וצצית ואיני עושה סוכח ואיני עושה שמכין אותו עד שיקבל עליו כו׳ עכ״ל, ומכלל דבריו שאין היוב ההשתדלות רק בעשה שהיא למצא חן בעיני המקום ב״ה ומחויבי להשתדל בה כדרך שמשתדלוי. ב״א לעשות רצון המלך אמנם לא כן בל״ת שהיא רק שלא יעשה הרע בעיני המלך וכיון שעושה מזימה שדבר הזה לא יהי׳ רע בעיניו בודאי מותר לעשות וע״כ העשה רוחה הל״ת בעדנא דכיון דאין הל״ת רע בעיני ה׳ בעת עשיות העשה ומחויב להשתדל בעשיות העשה למצא חן בעיני המלך משא״כ היכי דבעדנא דקא מעקר לאו לא מקיים לעשה, הל״ת רע היא לע״ע בעיני ה׳ ואיך ימצא חן בעיניו אחרי עשותו המזימתה, ואמר לי הגאון אבי מורי נ״י שזה טעם דעת הר״י פסחים נ״ט ד״ה אתי עשה דפסח עיי״ש דהיכי דעשה דוחה לעשה הגדולה ממנה לא בעינן בעירנא שאין טעם עשה רוחה ל""ת ועשה דוחה עשה שוים כלל, והבין, וזה הטעם שלענין עונשין המצות הל״ת חמור לפי ששכר מצות מצוה פי׳ המציאות חן אשר ימצא על ידה בעיני ה׳ ואין ב״א עונשים עלי׳ על דרך אמרם כל מצוה שמתן שכרה בצידה אין ב״ד נזקקים לה, ואין עונשין בעשה רק המורד ואומר שאיני רוצה במצות ה׳ ועל כן נקראים מכות מרדות כמ״ש הרמב""ן ז״ל והיכא שמתן שכרה מפורש בצידה נראה דגם לה״ג אין ב״ד נזקקין, ועל ההשתדלות הזה אמר בן עזאי הוי רץ למצוה קלה כו׳ ששכר מצוה מצוה (אבות פ״ד). ומטעם זה כ׳ הב״י ה׳ שבת סי׳ רמ״ד לענין שכירת המכס ז״ל ומיהו אפשר דבשעת קניה שרי דהא לא עבד איסורא, ולכי מטי שבת כיון דכבר קנוי הוא שרי להשכיר לו לעכו״ם בקבולת לקבל לו המכס משום פסידא עכ״ל, אע״ג דבארנו דאסור לפטור עצמו ממצוה לעשות מזימה שלא יחול עליו והבא מכנים עצמו לכתחילה לפטור עצמו מאסור שבות, והוא עוד גרוע מלטמאות קודם פסח דחתם לא יחול עליו כלל מצות פסח ראשון משא״כ הבא דאיסורא מיהא עביד אלא שחתירו משום פסידא, ואיך מתיח להביא עצמו לידי פסידא שיהי׳ מותר לאמר לעכו״ם אה״כ, וההיוב השתדלות היא גם במצוה דרכנן כמ״ש בשם הרמב״ם פי דברכות ה״ג ופ״ה דשבת ה״א, ולפמ״ש ניחא דודאי בל״ת, מותו לעשות כל טצדקי לפטור ממנה לפי שאין בה חיוב השתדלות כמ""ש, וכן בט״ז יו״ד סי׳ קי״ז כ׳ שמותר לנחור התישים עבור העור השוה יותר נחורה משחוטה ואין בזה משום כל תשחית וכיון שנהר עבור העוד מותר למכור הבשר לעכו״ם ואין בזה משום סחורת נבילות וטריפות דהוי כנזדמנה לו עיי״ש הרי מותר להכניס עצמו לכתחילה להתיר האיסור כמ""ש. והרז״ה כ׳ בטעם דאין מפלגין בספינה ג׳ ימים קודם השבת מובא בכ״י ה׳ שבת סי׳ רמ״ח משום דים מקום סכנה הוא וג׳ ימים קודם השבת קמא שבתא מקרי ונראה כמתנה לדחות את השבת מפני שאין דבר שעומד בפני פקוח נפש עכ״ל ועיי״ש מה שכ׳ בשם הריב״ש ומ״מ ביום א׳ ב׳ ג׳ מותר אף שמביא עצמו לדעת הרז״ה לידי חלול שבת, ולדעת הרמב""ן שם באיסור שבות מותר אף בג' ימים עיי""ש. והגאון מהרצ״ה היות זצ״ל במאמר מטבע הברכות סי׳ ג' בהערה הביא ראי׳ דמותר לגרום ביטל מצוה מהא דאמרינן ביכמות פ״ט דתקנו רבנן בקדושי קטנה שבעל יורש אותה ומקשה הש״ס איך מטמא לה אם הוא כהן ומשני הש״ס כיון דאין קרובים יורשין אותה הוי כמת מצוה דקרי׳ לי׳ ולא עני מקרי ע״ש ואיך יגרום לכתחילה מת מצוה כדי לטמאות, וכן הביא ראי׳ מהא דאמרינן בריש כתובות ולידרוש להו דאונס שרי איך ישא בד׳ להביא עצמו לידי אונם לכתחילה וכן משיטת הרמב""ן בינוקא דאשתפך המימי דמלין אותו בשבת עיי״ש מה שהאריך, ולפמ״ש אין מכל הדברים האלה ראי׳ רק למצא היתר לל״ת אבל בעשה ודאי מחויב בהשתדלותה כמ״ש, והגאון הנ״ל כ׳ שבתשובת כנסת יחזקאל ובס׳ ישועת יעקב האריכו בזה אמנם שניהם אינם כער בידי, ויש עוד לדבר בזה ולחלק לכמה חלוקים ענין גרמת ביטול ל״ת, אך אין כאן מקום להאריך בזה ולא באתי אלא כמעיר וגלע״ד דהא דכ׳ רש״י ז״ל בפ' זכור את יום השבת לקדשו תנו לב לזכור תמיד את יום חשבת שאם נזדמנה לו חלק יפה מזמינו לשבת והוא במכילתא שהביא הרמב״ם ז״ל והוא מדת ב״ש כל ימיו הי׳ אוכל לכבוד שבת משום דחיוב ההשתדלות הוא בכל מ״ע כמ״ש א״כ לא נוכל לפרש זכור את יום השבת לקדשו על השתדלות שזה שוה בכל המצות כמ״ש וע״כ דרשו על השתדלות המאכלים אף שאין מחויב בעונג שבת רק לפי כחו ביום השבת וע״כ אמרו עשה שבתך חול כו׳ מ״מ צריך להשתדל שכל עונג שיזמין לידו בכל השבוע יניחהו לשבת ואם יהי׳ מוכן לו יתחייב בה והלל מגודל מדת הבטחון הי׳ שמה בחלקו והתענג מכל אשר ברכו ה׳ ביום הששי, ומטעם ההשתדלות הזאת אמרו אע״ שאמרו עשה שבתך חול אבל עושה אדם דבר מועט לשבת בדתניא יהודא בן תימא אומר הוי עז כגמר וקל כנשר רץ כצבי וגבור כארי לעשות רצון אביך שבשמים מאי ניחו כסא דהרסנא המשך יבא אי״ה. (פסחים קי״ב). חיים בלא״א הרב הגאון מוהר״ר יעקב מרדכי הירשענזאהן נ״י"
021-HZT-1881-03-30-001_Ar_toc_12,חשבון גלוי.," חשבון גלוי.  מה״ק סוכת שלם ומאור יעקב משלשה חדשים שניים של שתא דא דהיינו ההכנסה מן טבת, שבט, אדר ראשון, לפי זמני המכתבים. א) מכבוד הרבנים הגבירים הצדיקים נשיאי עה״ק ת""ו שיחיו אשר בעי״ת אמסטרדם יע״א במכי״ק יום ג׳ י״ט טבת נו׳ 3468 אשר קבלו לשם הה״ק הנ״ל מהגבאי דא״י ת""ו מו""ה יהודא היימאנן נ״י 18 מארק עם מכתב רצוף אלי כתיב מהגבאי הנ״ל מן יום א׳ לסדר ויחי יעקב (י׳ טבת העבר) אשר בו הי׳ מפודש יוצא מקור הכסף ההוא, והיינו: מה׳ מרת ליבא יענטא בת ר׳ יהודא ליב ורחל לה״ק מאור יעקב 6 מארק  גאלדא בת מו״ה סענדר ורויזא 12 — סוכת שלם 18 מארק במכתב הזה נתבאר יום היא״צ של הגאון החסיד המנוח מו״ה ברוך במו״ה יצחק ושרה זצ״ל שהי׳ הנאבדק""ק נאלוב יע״א והי׳ גבאי כולל דח״ק אלו יב""ץ נפטר לנ״ע ל׳ בעומד תרל״ט ונקבר ל״א בעומד תנצב״ה וגרשם בפנקם החברה, ובמכתב ר׳ יהודא הנ״ל ע׳ 31 יום ד׳ י״ז אד״ר בא ההודעה מפטירת ר׳ מרדכי ב״ר אלכסנדר ושרה מפריישטאדט יע״א ביום ש״ק י״ב אד״ר הרמ״א ונקבר ביום א׳ תנצב״ה והי׳ בס״ש ומא״י, ומ״ש מעפר א״י ישיג כבודו אצל ידי״ג כבוד הרב מו״ה שמעון טארלוי נ״י בגרידיטץ יע״א. א) מהרבני היקר מו״ה שמואל זנוויל במו״ה ישעי׳ אברהם ובריינבא במכי""ק ע׳ 31 יום ה׳ ויחי (י״ד טבת) 23. 19 מ׳ כאשר יבואר. והיינו: בעדו לה״ק מאור יעקב 3 מ'  6 — ובעד אשתו מ׳ פיגלא בת המאוה״ג מו״ה יעקב ומלכה לסוכת שלם ועבור ר׳ מיכאל משה ב״ד שמואל "" 3  2 — עוד ב׳ ז״ג נדבה גם נתנה לו ה׳ מ׳ ייטא בת ר׳ נבריאל צבי ושרה הנכנסת מחדש לסוכת שלם מ""ש ומ״כ 8 2. 20 ואחר ניכוי פ״ג — 28. 19 א) מהרה״ג הצדיק מו״ה יעקב נ״י ע״י הגבאי צית מו״ה צבי הירש נ״י 156 מארק לק״ק לבנין החצר והבהמ״ד ותיקונם אשר קיבל מאת האלוף הישיש הנכבד ויר״א מו״ה נפתלי אלי׳ נ״י המכונה הירץ הענשל בהמנוח מו״ה אברהם ארי׳ ז״ל ולאה להיות חבר עולם לה״ק ס״ש עפ״י התנאים הידועים לה״ק הנ״ל ונתן בעדו ע״ח מארק, ובעד נר״נ אשתו היקרה מ׳ שינדל נ״ע בת המנוח מו״ה חיים צבי ורחמה שנפטרה ביום ב׳ כ״ה טבת תרמ״א ע״ח מארק. יחד כנ״ל 156 מ׳ כמבואר ע׳ 33 ו׳ וארא כ״ט טבת. מהרב הצדיק מוהר״א ד״ר ברלינער נ״י. "" 18 א) במכי״ק ע׳ 27 יום א׳ לסדר יתרו (ט״ז שבט) 18 מארק מר״מ גלאס נ״י נדבות מיחידים ב) במכי""ק ע׳ 29 עש""ק משפטים (כ״ח שבט) 85 מ׳ (ומזה 2 מ׳ לאיש אחר) והיינו: נדבות מיחידים על ידו 2 מ' אשר קיבל מר׳ הלל נ״י ב״ר שכנא ואסתר 64 מהנ״ל מעות שנה לשנת תרמ״א לה״ק ס״ש 3  מר׳ טובי׳ אחיו נ״י 3 "" מר' אליעזר ב״ר יצחק נ""י 3 — מר׳ יעקב ביד מיכאל נ״י 3 עוד נדבות ארבעה מארק 4 מה שהשלים ד״ר ברלינער נ""י מכיסו על להבא - 83 - א) מהגאבד״ק דירקהיים מוהר״א ד״ר סאלפענדי נ״י במכי״ק ע׳ 28 יום א׳ לסדר משפטים (כ״ג שבט) קבוצתו בעד הה״ק הנ״ז מאה מ'. 100 א) מר׳ מאיר ב״ר בנימין וברענדל במכי״ק ע׳ 30 יום ד׳ ג׳ אדר ראשון נדבה להתפלל בעד החולה 25 מ' ומזה שייך מחצה לסדר כתבי אדמו״ר הגר״א זצ״ל כתקנה 12 "" 5 א) מר׳ חיים זאב ב״ר יהודא שלמה במכי""ק ע׳ 33 יום ד׳ כ״ד אד״ר נדבה ממנו 7 מ׳ ומעות כניסה מר׳ חיים דוב ב״ר ליפמאנן זאב אולמאנן ושם אמו זאפא ומאשתו מ׳ העללענע בת ר׳ משה אברהם ז״ל וגעלא 3 מ'"" יחד. 10 ס״ה ההכנסה — 3 "" 261 מ' למלאות מזה החסר ברבע שנה הראשון כמו שמבואר בהחשבון הנדפס בהחבצלת גליון 17 סך — 20"" 138 נשאר מן ההכנסה (על הוצאות שלשה חדשים אלו טבת, שבט, אד״ר העולים לסך 750 מ׳ כמבואר שמה) 13 "" 122 ואחרי ניכוי השארית מההכנסה כנ״ל 122 "" 13 חסר לחצי שנה העברה — 17 "" 627 מארק"
021-HZT-1881-03-30-001_Ar_toc_13,"ואעידה לי עדים נאמנים על חשבון א״מ""ת ו""ציד״ק לפ""ק
להיות נקי מד׳ ומישראל."," ואעידה לי עדים נאמנים על חשבון א״מ""ת ו""ציד״ק לפ""ק להיות נקי מד׳ ומישראל. בעהי״ת. אנחנו הח״מ הלומדים בישיבת שנות אלי׳ בה״ק סוכת שלם ללימוד משניות וה״ק מאור יעקב ללימוד גמ׳ יב״ץ בכל יום תמידין כסדרן מעידים בעדות נאמנה אשר אנחנו לומדים תמיד בשני החברות הנ״ל בצירוף חברים מקשיבים יותר מעשרים בכל ה״ק וכן מכמה שנים. גם אנחנו מעידים על אמתת חשבון ההוצאה והחלוקה להלומדים, דחצי שתא דא העבר אשר בפנינו ולעינינו נעשה הכל ההוצאה והחלוקה כמבואר בחשבון הנדפס בהחבצלת שנת תרמ״א גליון 17 והכל אמת ברור ואדרבה ההוצאה נעשה בויתור יותר מאשר בא בחשבון. גם מעידים אנחנו על עיקר הלימוד והשיעורים שהמה ביתר שאת ותוספת מרובה על העיקר היוב שכפי התקנה בהשטאטוטין והלימוד הוא בעיון רב לאמיתה של תורה ולא כמצליף ומי לא יראה כל זאת? כן יעזרנו השי״ת תמיד לבלות שארית ימי זקנותינו בתו״ע כאשר אנחנו עושים בעזהי״ת פה היום. ולמען לא נבוש ולא נכלם לעוה״כ לכבוש עידותינו על האמת והצדק וגם להיות נמנים לדבר מצוה רבה להעיד על האמת להצילו משפת שקר ולש  רמי' וגם לבל ישים אדם אשם נפשו לקבל הלה״ר ואם אנחנו מחשים ומצאנו עון ה״ו עכ״פ שיבא מכשורא מעון המדבר והמקבל הלה״ר. וגם להיות לנו זאת המצוה למזכרת זכות גדול בעולם האמת אחרי אריכות ימינו, ולזה באנו עה״ח והגלוי גם בפנקס החברה בלשון הזה עצמו אות באות להיות למזכרת עולם. יום ב׳ כ׳ אד״ש שנת תרמ״א פעה״ק ירושלם ת""ו. נאום שלמה במו״ח אברהם אבא גאברילאוויטש מקאוונע נאום חיים אדי׳ ליב בא״א מו״ה מנחם נחום זצללה״ה. ווערעבלונסקי מהוראדנא ינאום זאב לייפסקיר מפאדילאי׳ נכד הרב ממארקשוב זצ״ל בעה״מ ס׳ ברכת יוסף פי׳ על ס׳ יצירה והנה ביום ה׳ ט״ז אדר שני סיימנו בה״ק מאור יעקב בעזה״י מס׳ פסחים עם תוס׳ ומפרשים, וההדרן וחידושי תורה שדרשתי ברבים על הסיום יודפס אי״ה בהחבצלת וגם בפ״ע כתקנה. וההוצאה ע״ז אם כי רבה היא א""א לקמץ בזה כלל כי עיקר התכלית והמטרה שנתייסדה הה״ק ודעת הנותנים אינה כ״א להגדיל תורה באה״ק ת""ו לזכות החיים והמתים (והוצאות שאינ למטרה זאת הוא שינוי מדעת הנותנים) לזה אבקש מאהובינו ואלופינו המסובלים בתורה ומצות הנמנים לדבר מצוה זו שיהיו לעזר לנו בכל האפשרי למטרה זאת וזכות החזקת לימוד תורה״ק בארץ הקדושה יהי עומד להם והולך לפניהם להושיע אותם כעתרת נפשם הטהורה ונפש עני׳ סוערה המעתיר עבורם בכל עת ובא עה״ח יום ב׳ כ׳ אד״ש הרמ״א פעיה״ק ירושלם ת""ו. נאום יעקב מרדכי במוהרצ""ה זלל""הערשינזאהן. ב "
021-HZT-1881-03-30-001_Ar_toc_14, מי מגידו.,"  מי מגידו. אני הוא ולא אחר. הנה בדבר קשיות עורף של פרעה נלאו כל חכמי ב לדעת פשר דבר איך יקשה ה׳ לב האדם ומאתו לא תצא הרעות, אמת הגידו חז""ל (סוטה) הבא לטהר מסייעין לו הבא לעמא פותחין לו, אבל לא לסייע לעוברי עבירה. היה לא תהיה! אכן אורו עיני עפיט""ש הח׳ הרב בעל צרור המור בפ׳ וארא, שהצדק כפירוש מדרש הנעלם שהפי׳ ויחזק ד' וכו׳ לא שח״ו האל יעות משפט להחזיק לב פרעה ולהביא אח״כ עליו מכות אכזריות, כי צדיק וישר ה׳, אבל הענין, פרעה עצמו הקשה לבבו בלי דעת, ע״כ שחק בו יושב בשמים ועשה בו נקמה, כי ידוע שהמצרים האמינו בכשפים וארצם מלאה חרמום ואכף וכשבא יוסף לפתור החלומות הזכיר בדבורו עם פרעה רק שם אלהים והודיעהו כי יש אלהים שופטים בארץ גוזר ומקיים אומר ועושה ע״כ אמר יוסף את אשר האלהים עושה הראה לפרעה, ויוסף בחכמתו הודיעהו שיודע זאת בשם אלהיו. לכן אמר פרעה אליו: אחרי הודיע אלהים אותך את כל זאת וכו' וכן אמר: הנמצא כזה אשר רוח אלהים בו. באופן שמהיום והלאה נשאר שם זה ידוע במצרים אבל שם ד' לא בטא יוסף בשפתיו ולא נשמע בארץ מצרים עד שבא משה ואמר: כה אמר ה׳, ואז השיב פרעה לא ידעתי את ד׳ כי שם אלהים ידעתי, אבל שם ד׳ לא שמעתי ויוסף שהיה עברי וחכם כמוך לא הזכירו, והיה כופר בשם הוי""ה, והנה היה זה סבת קשי ערפו, אבל לא שהשם הקשה ערפו ובאה עליו הרעה שחפץ ד' שיודה בשמו ולז""א: למען תדע כי אני ד' עד שהודה אמר ה׳ הצדיק. עכ״ד בקצת שינויים. ולבאר לך דבריו בבירור, דע כי שמות השם ישתנו לפי מעשי ב""א. ירידת יוסף למצרים שהיתה למען יבואו אח״כ בני ישראל שמה לענותם בסבלותם ועבדות כמ""ש (תהלים ק״ה) ויקרא רעב וכו שלח לפניהם איש לעבד נמכר יוסף וכו׳ ויבא ישראל וכו׳. כי ירידתו היתה הסבה סירדו כולם למצרים וע״כ היה חלום פרעה גזירה רעה על בנ״י כי עי״ז נתגדל יוסף ובאו אחיו לצבור בר ולקנות שבר עד שבאו לגור שם מפני הרעב וכמעם היו בכל רע לולא חסדי ד׳ אח״כ שהוציאם ברוב רחמיו ביד חזקה. ע״כ אמר יוסף הפתרון בשם אלהים המורה על דין המחות על בנ״י ולא הי׳ מקום להזכיר שם הוי""ה המורה על רחמי ה׳ המהוה הכל כי רעה הי׳ נגד פני בני יעקב אז. לא כן משה אשר בא לגאלם ברחמי ה׳ כי לא תמנו לבלי יכלו באפס תקוה. ע״כ בא בשם י""י הוי""ה, ואמר בכל דבריו י""י! י""י! וממילא יצא לפרעה קשוי לבו, וז״א וידעו מצרים כי אני י""י בהכבדי בפרעה (שמות י״ד) ע""י שיודה פרעה בכבוד ד׳ ידעו המצרים ג״כ זאת. וז""ש (שם כ״ה) אנוסה מפני ישראל כי ה נלחם להם במצרים, אשר לא ידעו המפרשים פשרו ורש״י כתב כאלו נכתב במצריים ר""א בארץ מצרים שכשם שאלו לקו על הים וכו' וכאן ישאל הבן מבין איכה ידעו זאת על שפת הים מה שנשעה בארץ מצרים? אכן עפ״י האמור הפי׳ כי פה הודו ואמרו כי עתה ידעו שה׳ גדול מאוד ונורא. וכי הוא הוא הנלחם בעד ישראל עוד במצרים עד היום הזה, תחת עד עתה בחשיכה התהלכו כי אליליהם יעשו בהם שפטים ולא יד ה' עשתה זאת - או שהיתה מלאכת הכשוף אשר בה האמינו כפתאים, ומשה ואהרן עלו בכשוף מכל אלפי מצרים וחרטומיה (עד שאמרו על מכת הכנים אצבע אלהים היא, ועכ״פ לא יד ד') אבל עתה נתברר להם כי ה׳ לחם כל מלחמותיהם בעד ישראל בחירו וד׳ אלהים ‧ אמת יחיד, ובעשותו שפטים יקרא בשם אלהים, ובעת רבים רחמיו נקרא בשם ה׳ המשך יבא אי״ה. זעליג הכהן לויטערבאך."
021-HZT-1881-03-30-001_Ad_toc_15,," —— מחברת חדשה נגד שטעקקער! מכילה 77 עמודים גדולים, מחירה 1 מארק 20 פפעניג בעד עשרים מחברות 20 מארק. קונים למכירה יבוקשו. שם המחברת Stöckers ethisch-soziale Judenfrage מאת האדון Moritz Baun, ,להשיג המחברת אצל ה׳ Dr. P. Muler in Wurzburg Domarpfafengasse.  מאת היורש העצר לממלכת אשכנז בא מכתב תודה להמחבר על פועל ידיו, וז״ל: Berlin, 19. Januar 1881. Ew. Wohlgeborn Schreiben Von 3. ds, Mts. nebst Anlage ist Seiner Kaiserlichen und Königlichn Hoheit dem Kronprinzen richtig Zugegangen. Höchstderselbe Dcauftragt mich, Lhnen für Ihre freundliche Aufmerksam-"
021-HZT-1881-03-30-001_Ad_toc_16,," Reit bestens zu danken. . Normann, Kgl. Kammerherr. An Herrn Dr. Fr. Muller Wohlgeboren."
021-HZT-1881-03-30-001_Ad_toc_17,," ס׳ אוצר הספרים.  כולל ידיעת כל ספרי ישראל שחוברו או נעתקו למן העולם ועד התרכ״ג. (גרפסים וכ״י, בסדר א״ב). מהרב החכם וסופר הביבליאגראף המובהק מו״ה, יצחק אייזיק ז""ל בן יעקב מווילנא. הוא האוצר שנודע מכבר לרבים שחבו עליו בעודנו בכ״י, ומיום הופיע נהרה בפומבי יהולל ברוב התשבחות במכ״ע ללשונותם עד אפסי ארץ, מהיותו ברובי בקורותיו הנמרצות עפ״י מקורים נאמנים פנת יקרת ידיעת הביבליאגראפהיע, מעין ישועה לתופשי תורה ותעודה וכלי חפץ לכל הקירה ודרישה חמודה „וכל חכם משכיל על דבר מה בספרות ישראל לא יכון בלעדו (קצור לשון ריט״ל ד״ר צונץ שליט״א בתעודתו על הספר). כלול בהדרו בשלושה חלקים גדולי חכמות, לעקסיקאן פארמאט, דפוס ראס, ווילנא תר״ס. מהירו עם פארטא: 12 מארק. 15 פראנק. 13 שיללינג 7 פל. ע. וו. (בכריכה מהודרה עוד. 75 קא״פ לערך כסף המדינות): לסוחרי ספרים ראבאטט נכון. החפץ בו יפנה אל המו״ל בן המחבר: Jacob Beniacob, Sirotskaia Str. № 10 in Willna (Russland. הספר הזה הנהו באמת אוצר בלום, יקר ונשגב ונחץ מאד לכל חוגיו המו״ל. בתורה וספרות העבריה, וקונהו ישמח."
021-HZT-1881-03-30-001_Ar_toc_18,ספורים .," ספורים . נעתקים משפת אשכנז לשפת עבר ע""י ישראל דובער פרומקין מו״ל החבצלת ירושלם. החלק ראשון אשר יכיל שמנה בויגין, ובו שני ספורים נאים יצא לאור, ומחירו חמשה פייאסטער או 1 פראנק, להשיגו מאת המו״ל."
021-HZT-1881-03-30-001_Ar_toc_19,".
 
היהו
ים בספרד ופארטוגאל
ל
ובית משפט הכהנים"," .   היהו ים בספרד ופארטוגאל ל ובית משפט הכהנים מאת החכם הנכבד הגביר המפורסם מוהר""ר פ' ד' מאקאטטא הי""ו בלאנדאן. נעתק לשפת עבר מאת ישראל דוב פרומקין ירושלם תרל""ה. מחירו שני פראנק, חפשי מהפארטע,  להשיגו מאת המו״ל."
